============================================================
Model: XGBoost
Accuracy: 0.9954001839926403
Log Loss: 0.02584308611514306

Classification Report:
              precision    recall  f1-score   support

           0       0.99      0.99      0.99       154
           1       1.00      1.00      1.00       248
           2       1.00      1.00      1.00       294
           3       0.98      1.00      0.99        48
           4       1.00      1.00      1.00         4
           5       0.99      1.00      0.99        75
           6       1.00      1.00      1.00        40
           7       0.99      0.98      0.98       123
           8       1.00      1.00      1.00       101

    accuracy                           1.00      1087
   macro avg       0.99      1.00      0.99      1087
weighted avg       1.00      1.00      1.00      1087

============================================================
Model: XGBoost
Accuracy: 0.9954001839926403
Log Loss: 0.02584308611514306

Classification Report:
              precision    recall  f1-score   support

           0       0.99      0.99      0.99       154
           1       1.00      1.00      1.00       248
           2       1.00      1.00      1.00       294
           3       0.98      1.00      0.99        48
           4       1.00      1.00      1.00         4
           5       0.99      1.00      0.99        75
           6       1.00      1.00      1.00        40
           7       0.99      0.98      0.98       123
           8       1.00      1.00      1.00       101

    accuracy                           1.00      1087
   macro avg       0.99      1.00      0.99      1087
weighted avg       1.00      1.00      1.00      1087
