
============================================================
Model: Random Forest
Accuracy: 0.9898804047838087
Log Loss: 0.06327720125484304

Classification Report:
              precision    recall  f1-score   support

           0       0.97      0.99      0.98       154
           1       1.00      1.00      1.00       248
           2       1.00      1.00      1.00       294
           3       0.98      0.98      0.98        48
           4       1.00      1.00      1.00         4
           5       0.97      1.00      0.99        75
           6       1.00      1.00      1.00        40
           7       0.98      0.96      0.97       123
           8       1.00      0.98      0.99       101

    accuracy                           0.99      1087
   macro avg       0.99      0.99      0.99      1087
weighted avg       0.99      0.99      0.99      1087

============================================================
Model: XGBoost
Accuracy: 0.9954001839926403
Log Loss: 0.02584308611514306

Classification Report:
              precision    recall  f1-score   support

           0       0.99      0.99      0.99       154
           1       1.00      1.00      1.00       248
           2       1.00      1.00      1.00       294
           3       0.98      1.00      0.99        48
           4       1.00      1.00      1.00         4
           5       0.99      1.00      0.99        75
           6       1.00      1.00      1.00        40
           7       0.99      0.98      0.98       123
           8       1.00      1.00      1.00       101

    accuracy                           1.00      1087
   macro avg       0.99      1.00      0.99      1087
weighted avg       1.00      1.00      1.00      1087

============================================================
Model: LightGBM
Accuracy: 0.9917203311867525
Log Loss: 0.04351264514213248

Classification Report:
              precision    recall  f1-score   support

           0       0.97      0.99      0.98       154
           1       1.00      0.99      1.00       248
           2       1.00      1.00      1.00       294
           3       0.98      1.00      0.99        48
           4       1.00      1.00      1.00         4
           5       0.95      1.00      0.97        75
           6       1.00      1.00      1.00        40
           7       1.00      0.96      0.98       123
           8       1.00      1.00      1.00       101

    accuracy                           0.99      1087
   macro avg       0.99      0.99      0.99      1087
weighted avg       0.99      0.99      0.99      1087

============================================================
Model: SVM
Accuracy: 0.8978840846366145
Log Loss: 0.28839791555464833

Classification Report:
              precision    recall  f1-score   support

           0       0.93      0.81      0.86       154
           1       0.95      0.95      0.95       248
           2       0.99      1.00      1.00       294
           3       0.47      0.85      0.61        48
           4       0.25      1.00      0.40         4
           5       0.78      0.69      0.73        75
           6       1.00      0.95      0.97        40
           7       0.90      0.85      0.88       123
           8       0.96      0.81      0.88       101

    accuracy                           0.90      1087
   macro avg       0.80      0.88      0.81      1087
weighted avg       0.92      0.90      0.90      1087

============================================================
Model: KNN
Accuracy: 0.9549218031278749
Log Loss: 0.6865120891799775

Classification Report:
              precision    recall  f1-score   support

           0       0.95      0.94      0.94       154
           1       0.96      0.92      0.94       248
           2       1.00      1.00      1.00       294
           3       1.00      0.94      0.97        48
           4       1.00      1.00      1.00         4
           5       0.88      0.99      0.93        75
           6       0.89      0.97      0.93        40
           7       0.94      0.96      0.95       123
           8       0.91      0.91      0.91       101

    accuracy                           0.95      1087
   macro avg       0.95      0.96      0.95      1087
weighted avg       0.96      0.95      0.95      1087
